{
 "cells": [
  {
   "cell_type": "markdown",
   "metadata": {},
   "source": [
    "# Dataset preparation for nuScenes subset experiments\n",
    "\n",
    "## Goal\n",
    "\n",
    "Prepare the nuScenes dataset for MMDetection3D and create a reproducible reduced training subset for budget-constrained experiments.\n",
    "\n",
    "## Rationale\n",
    "\n",
    "The subset is created at the **scene level**, not by randomly dropping frames. This keeps temporal consistency and makes later model comparisons cleaner.\n",
    "\n",
    "## Outputs\n",
    "\n",
    "This notebook will:\n",
    "\n",
    "1. check the raw nuScenes folder structure\n",
    "2. check existing MMDetection3D info files\n",
    "3. inspect train/validation scene coverage\n",
    "4. create a fixed train-scene subset\n",
    "5. generate reduced `.pkl` info files\n",
    "6. save the subset definition for reproducibility"
   ]
  },
  {
   "cell_type": "markdown",
   "metadata": {},
   "source": [
    "# Setup"
   ]
  },
  {
   "cell_type": "code",
   "execution_count": 1,
   "metadata": {},
   "outputs": [],
   "source": [
    "import json\n",
    "import random\n",
    "import numpy as np\n",
    "import pandas as pd\n",
    "import pickle\n",
    "\n",
    "from pathlib import Path\n",
    "from typing import List, Tuple, Final, Dict\n",
    "from IPython.display import display\n",
    "from nuscenes.nuscenes import NuScenes"
   ]
  },
  {
   "cell_type": "markdown",
   "metadata": {},
   "source": [
    "# Paths"
   ]
  },
  {
   "cell_type": "markdown",
   "metadata": {},
   "source": [
    "The nuScenes dataset is stored outside the Git repository because the full dataset is extremely large and must be stored on the appropriate UBELIX storage systems.\n",
    "\n",
    "On the UBELIX HPC cluster, the dataset locations are:\n",
    "\n",
    "- mini dataset: `/storage/homefs/ae04q066/datasets/nuscenes_mini`\n",
    "- full dataset: `/rs_scratch/users/ae04q066/nuscenes_full`\n",
    "\n",
    "The project uses a repository-local `data/nuscenes` symbolic link because MMDetection3D expects the dataset to be available at a fixed project-relative location. Using a symbolic link allows the codebase and configuration files to consistently reference `data/nuscenes` while the actual dataset remains stored elsewhere on the HPC filesystem.\n",
    "\n",
    "The mini dataset is stored in persistent home storage and is mainly used for debugging and rapid experimentation. The full dataset is stored in scratch storage because it is significantly larger and primarily used for training and large-scale experiments."
   ]
  },
  {
   "cell_type": "code",
   "execution_count": 2,
   "metadata": {},
   "outputs": [
    {
     "name": "stdout",
     "output_type": "stream",
     "text": [
      "Project root: /storage/homefs/ae04q066/projects/nuscenes-multimodal-learning\n",
      "Dataset root: /storage/homefs/ae04q066/projects/nuscenes-multimodal-learning/data/nuscenes\n",
      "Resolved dataset path: /rs_scratch/users/ae04q066/nuscenes_full\n",
      "MMDetection3D root: /storage/homefs/ae04q066/projects/nuscenes-multimodal-learning/external/mmdetection3d\n",
      "nuScenes version: v1.0-trainval\n",
      "Subset ratio: 0.4\n",
      "Subset label: 40pct\n"
     ]
    }
   ],
   "source": [
    "# Define the main project paths and dataset configuration.\n",
    "\n",
    "PROJECT_ROOT: Final[Path] = Path.cwd().resolve().parent\n",
    "\n",
    "DATA_ROOT: Final[Path] = PROJECT_ROOT / \"data\" / \"nuscenes\"\n",
    "MMDET3D_ROOT: Final[Path] = PROJECT_ROOT / \"external\" / \"mmdetection3d\"\n",
    "\n",
    "NUSCENES_VERSION: Final[str] = \"v1.0-trainval\"\n",
    "\n",
    "SUBSET_DIR: Final[Path] = DATA_ROOT / \"subsets\"\n",
    "\n",
    "TRAIN_INFO_PATH: Final[Path] = DATA_ROOT / \"nuscenes_infos_train.pkl\"\n",
    "VAL_INFO_PATH: Final[Path] = DATA_ROOT / \"nuscenes_infos_val.pkl\"\n",
    "\n",
    "SUBSET_RATIO: Final[float] = 0.4\n",
    "SUBSET_LABEL: Final[str] = f\"{int(SUBSET_RATIO * 100)}pct\"\n",
    "\n",
    "print(f\"Project root: {PROJECT_ROOT}\")\n",
    "print(f\"Dataset root: {DATA_ROOT}\")\n",
    "print(f\"Resolved dataset path: {DATA_ROOT.resolve()}\")\n",
    "print(f\"MMDetection3D root: {MMDET3D_ROOT}\")\n",
    "print(f\"nuScenes version: {NUSCENES_VERSION}\")\n",
    "print(f\"Subset ratio: {SUBSET_RATIO}\")\n",
    "print(f\"Subset label: {SUBSET_LABEL}\")"
   ]
  },
  {
   "cell_type": "code",
   "execution_count": 3,
   "metadata": {},
   "outputs": [
    {
     "name": "stdout",
     "output_type": "stream",
     "text": [
      "DATA_ROOT exists: True\n",
      "Is symbolic link: True\n",
      "Points to: /rs_scratch/users/ae04q066/nuscenes_full\n"
     ]
    }
   ],
   "source": [
    "print(f\"DATA_ROOT exists: {DATA_ROOT.exists()}\")\n",
    "print(f\"Is symbolic link: {DATA_ROOT.is_symlink()}\")\n",
    "\n",
    "if DATA_ROOT.is_symlink():\n",
    "    print(f\"Points to: {DATA_ROOT.resolve()}\")"
   ]
  },
  {
   "cell_type": "markdown",
   "metadata": {},
   "source": [
    "# Initialize nuScenes"
   ]
  },
  {
   "cell_type": "code",
   "execution_count": 4,
   "metadata": {},
   "outputs": [
    {
     "name": "stdout",
     "output_type": "stream",
     "text": [
      "======\n",
      "Loading NuScenes tables for version v1.0-trainval...\n",
      "23 category,\n",
      "8 attribute,\n",
      "4 visibility,\n",
      "64386 instance,\n",
      "12 sensor,\n",
      "10200 calibrated_sensor,\n",
      "2631083 ego_pose,\n",
      "68 log,\n",
      "850 scene,\n",
      "34149 sample,\n",
      "2631083 sample_data,\n",
      "1166187 sample_annotation,\n",
      "4 map,\n",
      "Done loading in 31.800 seconds.\n",
      "======\n",
      "Reverse indexing ...\n",
      "Done reverse indexing in 8.2 seconds.\n",
      "======\n",
      "Number of scenes: 850\n",
      "Number of samples: 34,149\n"
     ]
    }
   ],
   "source": [
    "# Initialize the nuScenes dataset API.\n",
    "\n",
    "nusc: NuScenes = NuScenes(\n",
    "    version=NUSCENES_VERSION,\n",
    "    dataroot=str(DATA_ROOT),\n",
    "    verbose=True,\n",
    ")\n",
    "\n",
    "print(f\"Number of scenes: {len(nusc.scene):,}\")\n",
    "print(f\"Number of samples: {len(nusc.sample):,}\")"
   ]
  },
  {
   "cell_type": "code",
   "execution_count": 5,
   "metadata": {},
   "outputs": [
    {
     "name": "stdout",
     "output_type": "stream",
     "text": [
      "maps                 exists=True\n",
      "samples              exists=True\n",
      "sweeps               exists=True\n",
      "v1.0-trainval        exists=True\n"
     ]
    }
   ],
   "source": [
    "# Verify the expected nuScenes directory structure.\n",
    "\n",
    "required_dirs: List[str] = [\n",
    "    \"maps\",\n",
    "    \"samples\",\n",
    "    \"sweeps\",\n",
    "    NUSCENES_VERSION,\n",
    "]\n",
    "\n",
    "for directory in required_dirs:\n",
    "    path: Path = DATA_ROOT / directory\n",
    "    print(f\"{directory:<20} exists={path.exists()}\")"
   ]
  },
  {
   "cell_type": "code",
   "execution_count": 6,
   "metadata": {},
   "outputs": [
    {
     "name": "stdout",
     "output_type": "stream",
     "text": [
      "Total scenes: 850\n",
      "Total samples: 34,149\n",
      "First scene name: scene-0001\n",
      "First scene token: 73030fb67d3c46cfb5e590168088ae39\n"
     ]
    }
   ],
   "source": [
    "print(f\"Total scenes: {len(nusc.scene):,}\")\n",
    "print(f\"Total samples: {len(nusc.sample):,}\")\n",
    "\n",
    "first_scene: Dict[str, str] = nusc.scene[0]\n",
    "\n",
    "print(f\"First scene name: {first_scene['name']}\")\n",
    "print(f\"First scene token: {first_scene['token']}\")"
   ]
  },
  {
   "cell_type": "markdown",
   "metadata": {},
   "source": [
    "# Load MMDetection3D info files"
   ]
  },
  {
   "cell_type": "code",
   "execution_count": 7,
   "metadata": {},
   "outputs": [
    {
     "name": "stdout",
     "output_type": "stream",
     "text": [
      "Train info path: /storage/homefs/ae04q066/projects/nuscenes-multimodal-learning/data/nuscenes/nuscenes_infos_train.pkl\n",
      "Validation info path: /storage/homefs/ae04q066/projects/nuscenes-multimodal-learning/data/nuscenes/nuscenes_infos_val.pkl\n",
      "Train data type: <class 'dict'>\n",
      "Validation data type: <class 'dict'>\n",
      "Train keys: ['metainfo', 'data_list']\n",
      "Validation keys: ['metainfo', 'data_list']\n"
     ]
    }
   ],
   "source": [
    "# Load the MMDetection3D train and validation info files.\n",
    "\n",
    "with open(TRAIN_INFO_PATH, \"rb\") as file:\n",
    "    train_data: Dict = pickle.load(file)\n",
    "\n",
    "with open(VAL_INFO_PATH, \"rb\") as file:\n",
    "    val_data: Dict = pickle.load(file)\n",
    "\n",
    "print(f\"Train info path: {TRAIN_INFO_PATH}\")\n",
    "print(f\"Validation info path: {VAL_INFO_PATH}\")\n",
    "\n",
    "print(f\"Train data type: {type(train_data)}\")\n",
    "print(f\"Validation data type: {type(val_data)}\")\n",
    "\n",
    "print(f\"Train keys: {list(train_data.keys())}\")\n",
    "print(f\"Validation keys: {list(val_data.keys())}\")"
   ]
  },
  {
   "cell_type": "code",
   "execution_count": 8,
   "metadata": {},
   "outputs": [
    {
     "name": "stdout",
     "output_type": "stream",
     "text": [
      "Number of train samples: 28,130\n",
      "Number of validation samples: 6,019\n",
      "\n",
      "First train sample keys:\n",
      "['sample_idx', 'token', 'timestamp', 'ego2global', 'images', 'lidar_points', 'instances', 'cam_instances']\n"
     ]
    }
   ],
   "source": [
    "# Inspect the MMDetection3D sample structure.\n",
    "\n",
    "first_sample: Dict = train_data[\"data_list\"][0]\n",
    "\n",
    "print(f\"Number of train samples: {len(train_data['data_list']):,}\")\n",
    "print(f\"Number of validation samples: {len(val_data['data_list']):,}\")\n",
    "\n",
    "print(\"\\nFirst train sample keys:\")\n",
    "print(list(first_sample.keys()))"
   ]
  },
  {
   "cell_type": "code",
   "execution_count": 9,
   "metadata": {},
   "outputs": [
    {
     "name": "stdout",
     "output_type": "stream",
     "text": [
      "0\n",
      "e93e98b63d3b40209056d129dc53ceee\n"
     ]
    }
   ],
   "source": [
    "print(first_sample[\"sample_idx\"])\n",
    "print(first_sample[\"token\"])"
   ]
  },
  {
   "cell_type": "markdown",
   "metadata": {},
   "source": [
    "Each scene stores only the token of its first sample. The `next` field is then used to traverse the sequence and access all samples belonging to that scene.\n",
    "\n",
    "```text\n",
    "scene\n",
    " └── first_sample_token\n",
    "        ↓\n",
    "     sample 1  --next--> sample 2 --next--> sample 3 ...\n",
    "```\n",
    "\n"
   ]
  },
  {
   "cell_type": "code",
   "execution_count": 10,
   "metadata": {},
   "outputs": [
    {
     "name": "stdout",
     "output_type": "stream",
     "text": [
      "Mapped samples: 34,149\n"
     ]
    },
    {
     "data": {
      "text/plain": [
       "[('e93e98b63d3b40209056d129dc53ceee', 'scene-0001'),\n",
       " ('14d5adfe50bb4445bc3aa5fe607691a8', 'scene-0001'),\n",
       " ('ae4e0c3aa3f24c91aab599e8b54e9264', 'scene-0001'),\n",
       " ('8de7ec06e1ac48c689c4d24d6cc64fd7', 'scene-0001'),\n",
       " ('ba94cb79ebc74614bc2442185cb53c26', 'scene-0001')]"
      ]
     },
     "execution_count": 10,
     "metadata": {},
     "output_type": "execute_result"
    }
   ],
   "source": [
    "# Build a mapping from sample tokens to nuScenes scene names.\n",
    "\n",
    "sample_token_to_scene: Dict[str, str] = {}\n",
    "\n",
    "for scene in nusc.scene:\n",
    "    scene_name: str = scene[\"name\"]\n",
    "    sample_token: str = scene[\"first_sample_token\"]\n",
    "\n",
    "    while sample_token:\n",
    "        sample: Dict = nusc.get(\"sample\", sample_token)\n",
    "\n",
    "        sample_token_to_scene[sample_token] = scene_name\n",
    "\n",
    "        sample_token = sample[\"next\"]\n",
    "\n",
    "print(f\"Mapped samples: {len(sample_token_to_scene):,}\")\n",
    "\n",
    "list(sample_token_to_scene.items())[:5]"
   ]
  },
  {
   "cell_type": "code",
   "execution_count": 11,
   "metadata": {},
   "outputs": [
    {
     "name": "stdout",
     "output_type": "stream",
     "text": [
      "Updated train samples: 28,130\n"
     ]
    },
    {
     "data": {
      "text/plain": [
       "{'sample_idx': 0,\n",
       " 'token': 'e93e98b63d3b40209056d129dc53ceee',\n",
       " 'timestamp': 1531883530.449377,\n",
       " 'ego2global': [[0.12388695031404495,\n",
       "   -0.9922940135002136,\n",
       "   -0.0021557167638093233,\n",
       "   1010.1328125],\n",
       "  [0.9920361042022705,\n",
       "   0.12390392273664474,\n",
       "   -0.022630713880062103,\n",
       "   610.8111572265625],\n",
       "  [0.022723423317074776, 0.0006651013973169029, 0.9997415542602539, 0.0],\n",
       "  [0.0, 0.0, 0.0, 1.0]],\n",
       " 'images': {'CAM_FRONT': {'img_path': 'n015-2018-07-18-11-07-57+0800__CAM_FRONT__1531883530412470.jpg',\n",
       "   'cam2img': [[1266.417203046554, 0.0, 816.2670197447984],\n",
       "    [0.0, 1266.417203046554, 491.50706579294757],\n",
       "    [0.0, 0.0, 1.0]],\n",
       "   'cam2ego': [[0.005684778559952974,\n",
       "     -0.005636667832732201,\n",
       "     0.9999679327011108,\n",
       "     1.7007912397384644],\n",
       "    [-0.9999834895133972,\n",
       "     -0.0008371152798645198,\n",
       "     0.0056801484897732735,\n",
       "     0.01594563201069832],\n",
       "    [0.000805071322247386,\n",
       "     -0.9999837875366211,\n",
       "     -0.005641333758831024,\n",
       "     1.5109575986862183],\n",
       "    [0.0, 0.0, 0.0, 1.0]],\n",
       "   'sample_data_token': '020d7b4f858147558106c504f7f31bef',\n",
       "   'timestamp': 1531883530.41247,\n",
       "   'lidar2cam': [[0.999950110912323,\n",
       "     -0.006949238944798708,\n",
       "     0.007174408063292503,\n",
       "     0.005730343982577324],\n",
       "    [0.007305425126105547,\n",
       "     0.019015269353985786,\n",
       "     -0.9997925162315369,\n",
       "     -0.321853369474411],\n",
       "    [0.0068113734014332294,\n",
       "     0.9997950196266174,\n",
       "     0.019065087661147118,\n",
       "     -0.6021451950073242],\n",
       "    [0.0, 0.0, 0.0, 1.0]]},\n",
       "  'CAM_FRONT_RIGHT': {'img_path': 'n015-2018-07-18-11-07-57+0800__CAM_FRONT_RIGHT__1531883530420339.jpg',\n",
       "   'cam2img': [[1260.8474446004698, 0.0, 807.968244525554],\n",
       "    [0.0, 1260.8474446004698, 495.3344268742088],\n",
       "    [0.0, 0.0, 1.0]],\n",
       "   'cam2ego': [[-0.8329295516014099,\n",
       "     -9.94603760773316e-06,\n",
       "     0.5533789992332458,\n",
       "     1.5508477687835693],\n",
       "    [-0.55330491065979,\n",
       "     0.016378816217184067,\n",
       "     -0.8328177332878113,\n",
       "     -0.4934048056602478],\n",
       "    [-0.009055409580469131,\n",
       "     -0.9998658299446106,\n",
       "     -0.013647902756929398,\n",
       "     1.4957480430603027],\n",
       "    [0.0, 0.0, 0.0, 1.0]],\n",
       "   'sample_data_token': '16d39ff22a8545b0a4ee3236a0fe1c20',\n",
       "   'timestamp': 1531883530.420339,\n",
       "   'lidar2cam': [[0.5447326898574829,\n",
       "     -0.8382006287574768,\n",
       "     -0.026190951466560364,\n",
       "     0.1229320764541626],\n",
       "    [-0.010019240900874138,\n",
       "     0.02472417615354061,\n",
       "     -0.9996441006660461,\n",
       "     -0.3330855071544647],\n",
       "    [0.8385498523712158,\n",
       "     0.5448012351989746,\n",
       "     0.005069933366030455,\n",
       "     -0.6873264908790588],\n",
       "    [0.0, 0.0, 0.0, 1.0]]},\n",
       "  'CAM_FRONT_LEFT': {'img_path': 'n015-2018-07-18-11-07-57+0800__CAM_FRONT_LEFT__1531883530404844.jpg',\n",
       "   'cam2img': [[1272.5979470598488, 0.0, 826.6154927353808],\n",
       "    [0.0, 1272.5979470598488, 479.75165386361925],\n",
       "    [0.0, 0.0, 1.0]],\n",
       "   'cam2ego': [[0.8207583427429199,\n",
       "     -0.00034143668017350137,\n",
       "     0.5712754130363464,\n",
       "     1.5238779783248901],\n",
       "    [-0.5712715983390808,\n",
       "     0.0032195018138736486,\n",
       "     0.8207547664642334,\n",
       "     0.4946313500404358],\n",
       "    [-0.002119458047673106,\n",
       "     -0.9999947547912598,\n",
       "     0.0024473799858242273,\n",
       "     1.5093282461166382],\n",
       "    [0.0, 0.0, 0.0, 1.0]],\n",
       "   'sample_data_token': '24332e9c554a406f880430f17771b608',\n",
       "   'timestamp': 1531883530.404844,\n",
       "   'lidar2cam': [[0.5831289291381836,\n",
       "     0.8120843172073364,\n",
       "     0.02190271019935608,\n",
       "     -0.04473946616053581],\n",
       "    [0.0034885560162365437,\n",
       "     0.024457741528749466,\n",
       "     -0.9996947646141052,\n",
       "     -0.3274805545806885],\n",
       "    [-0.812372088432312,\n",
       "     0.5830273628234863,\n",
       "     0.011429015547037125,\n",
       "     -0.6220613121986389],\n",
       "    [0.0, 0.0, 0.0, 1.0]]},\n",
       "  'CAM_BACK': {'img_path': 'n015-2018-07-18-11-07-57+0800__CAM_BACK__1531883530437525.jpg',\n",
       "   'cam2img': [[809.2209905677063, 0.0, 829.2196003259838],\n",
       "    [0.0, 809.2209905677063, 481.77842384512485],\n",
       "    [0.0, 0.0, 1.0]],\n",
       "   'cam2ego': [[0.002421709941700101,\n",
       "     -0.016753608360886574,\n",
       "     -0.99985671043396,\n",
       "     0.02832603082060814],\n",
       "    [0.9999890923500061,\n",
       "     -0.0039591072127223015,\n",
       "     0.0024883693549782038,\n",
       "     0.0034513676073402166],\n",
       "    [-0.004000229295343161,\n",
       "     -0.9998518228530884,\n",
       "     0.016743836924433708,\n",
       "     1.5791034698486328],\n",
       "    [0.0, 0.0, 0.0, 1.0]],\n",
       "   'sample_data_token': 'aab35aeccbda42de82b2ff5c278a0d48',\n",
       "   'timestamp': 1531883530.437525,\n",
       "   'lidar2cam': [[-0.9999136328697205,\n",
       "     0.008133400231599808,\n",
       "     -0.010322795249521732,\n",
       "     -0.0007442040950991213],\n",
       "    [0.010384265333414078,\n",
       "     0.007552133407443762,\n",
       "     -0.9999175667762756,\n",
       "     -0.2760153114795685],\n",
       "    [-0.008054770529270172,\n",
       "     -0.999938428401947,\n",
       "     -0.007635940331965685,\n",
       "     -0.9622107744216919],\n",
       "    [0.0, 0.0, 0.0, 1.0]]},\n",
       "  'CAM_BACK_LEFT': {'img_path': 'n015-2018-07-18-11-07-57+0800__CAM_BACK_LEFT__1531883530447423.jpg',\n",
       "   'cam2img': [[1256.7414812095406, 0.0, 792.1125740759628],\n",
       "    [0.0, 1256.7414812095406, 492.7757465151356],\n",
       "    [0.0, 0.0, 1.0]],\n",
       "   'cam2ego': [[0.9477603435516357,\n",
       "     0.008665721863508224,\n",
       "     -0.31886550784111023,\n",
       "     1.0356910228729248],\n",
       "    [0.31896114349365234,\n",
       "     -0.01397630013525486,\n",
       "     0.947664737701416,\n",
       "     0.4847950339317322],\n",
       "    [0.0037556388415396214,\n",
       "     -0.9998647570610046,\n",
       "     -0.016010211780667305,\n",
       "     1.5909701585769653],\n",
       "    [0.0, 0.0, 0.0, 1.0]],\n",
       "   'sample_data_token': '86e6806d626b4711a6d0f5015b090116',\n",
       "   'timestamp': 1531883530.447423,\n",
       "   'lidar2cam': [[-0.3165133595466614,\n",
       "     0.9482632875442505,\n",
       "     0.02482030726969242,\n",
       "     -0.23283082246780396],\n",
       "    [0.020132387056946754,\n",
       "     0.03287486359477043,\n",
       "     -0.9992566704750061,\n",
       "     -0.24295853078365326],\n",
       "    [-0.9483743906021118,\n",
       "     -0.31577837467193604,\n",
       "     -0.02949613705277443,\n",
       "     -0.4368051588535309],\n",
       "    [0.0, 0.0, 0.0, 1.0]]},\n",
       "  'CAM_BACK_RIGHT': {'img_path': 'n015-2018-07-18-11-07-57+0800__CAM_BACK_RIGHT__1531883530427893.jpg',\n",
       "   'cam2img': [[1259.5137405846733, 0.0, 807.2529053838625],\n",
       "    [0.0, 1259.5137405846733, 501.19579884916527],\n",
       "    [0.0, 0.0, 1.0]],\n",
       "   'cam2ego': [[-0.9347755312919617,\n",
       "     0.015875838696956635,\n",
       "     -0.35488399863243103,\n",
       "     1.0148781538009644],\n",
       "    [0.35507455468177795,\n",
       "     0.011370494961738586,\n",
       "     -0.9347688555717468,\n",
       "     -0.4805682301521301],\n",
       "    [-0.010805031284689903,\n",
       "     -0.9998093247413635,\n",
       "     -0.01626596786081791,\n",
       "     1.562395453453064],\n",
       "    [0.0, 0.0, 0.0, 1.0]],\n",
       "   'sample_data_token': 'ec7096278e484c9ebe6894a2ad5682e9',\n",
       "   'timestamp': 1531883530.427893,\n",
       "   'lidar2cam': [[-0.36268681287765503,\n",
       "     -0.9312160611152649,\n",
       "     -0.0359853133559227,\n",
       "     0.14839687943458557],\n",
       "    [-0.004622284788638353,\n",
       "     0.04041164740920067,\n",
       "     -0.9991724491119385,\n",
       "     -0.26959535479545593],\n",
       "    [0.9318996071815491,\n",
       "     -0.3622203469276428,\n",
       "     -0.018961116671562195,\n",
       "     -0.46460071206092834],\n",
       "    [0.0, 0.0, 0.0, 1.0]]}},\n",
       " 'lidar_points': {'num_pts_feats': 5,\n",
       "  'lidar_path': 'n015-2018-07-18-11-07-57+0800__LIDAR_TOP__1531883530449377.pcd.bin',\n",
       "  'lidar2ego': [[0.0020332718268036842,\n",
       "    0.9997040629386902,\n",
       "    0.024241721257567406,\n",
       "    0.9437130093574524],\n",
       "   [-0.9999805092811584, 0.0021756570786237717, -0.00584863917902112, 0.0],\n",
       "   [-0.005899650044739246,\n",
       "    -0.02422935888171196,\n",
       "    0.9996890425682068,\n",
       "    1.8402299880981445],\n",
       "   [0.0, 0.0, 0.0, 1.0]]},\n",
       " 'instances': [{'bbox_label': 8,\n",
       "   'bbox_3d': [-16.184345443212333,\n",
       "    -1.1740415072842774,\n",
       "    -1.2404669921853828,\n",
       "    0.291,\n",
       "    0.3,\n",
       "    0.734,\n",
       "    -2.9353416316677072],\n",
       "   'bbox_3d_isvalid': True,\n",
       "   'bbox_label_3d': 8,\n",
       "   'num_lidar_pts': 2,\n",
       "   'num_radar_pts': 0,\n",
       "   'velocity': [-0.007372693117993629, 0.027280704141751634]},\n",
       "  {'bbox_label': 8,\n",
       "   'bbox_3d': [-15.449391234405388,\n",
       "    -4.287681628048008,\n",
       "    -1.3013645235562976,\n",
       "    0.338,\n",
       "    0.315,\n",
       "    0.712,\n",
       "    -2.8307265963058557],\n",
       "   'bbox_3d_isvalid': True,\n",
       "   'bbox_label_3d': 8,\n",
       "   'num_lidar_pts': 3,\n",
       "   'num_radar_pts': 0,\n",
       "   'velocity': [-0.023128261385543115, 0.07366533919228815]},\n",
       "  {'bbox_label': 1,\n",
       "   'bbox_3d': [-10.227567047441509,\n",
       "    19.460821128585337,\n",
       "    0.03743642453829785,\n",
       "    7.516,\n",
       "    2.312,\n",
       "    3.093,\n",
       "    -0.6066360771858621],\n",
       "   'bbox_3d_isvalid': True,\n",
       "   'bbox_label_3d': 1,\n",
       "   'num_lidar_pts': 171,\n",
       "   'num_radar_pts': 7,\n",
       "   'velocity': [0.05790806315318352, 0.06951263889667075]},\n",
       "  {'bbox_label': 0,\n",
       "   'bbox_3d': [9.21442005484297,\n",
       "    -5.579607347996586,\n",
       "    -1.0785695000842495,\n",
       "    4.25,\n",
       "    1.638,\n",
       "    1.44,\n",
       "    0.3584960925807913],\n",
       "   'bbox_3d_isvalid': True,\n",
       "   'bbox_label_3d': 0,\n",
       "   'num_lidar_pts': 150,\n",
       "   'num_radar_pts': 2,\n",
       "   'velocity': [5.528490140140021, 1.1955143142730649]},\n",
       "  {'bbox_label': 7,\n",
       "   'bbox_3d': [-15.72712120308365,\n",
       "    -0.8160909850328717,\n",
       "    -0.6979364235915421,\n",
       "    0.563,\n",
       "    0.739,\n",
       "    1.711,\n",
       "    -2.9353416316677072],\n",
       "   'bbox_3d_isvalid': True,\n",
       "   'bbox_label_3d': 7,\n",
       "   'num_lidar_pts': 7,\n",
       "   'num_radar_pts': 0,\n",
       "   'velocity': [-0.026291001282095383, 0.09944921455132472]},\n",
       "  {'bbox_label': 0,\n",
       "   'bbox_3d': [0.3846464705132115,\n",
       "    -13.228449135963976,\n",
       "    -1.2146273999498478,\n",
       "    4.478,\n",
       "    1.871,\n",
       "    1.456,\n",
       "    1.0932098945067616],\n",
       "   'bbox_3d_isvalid': True,\n",
       "   'bbox_label_3d': 0,\n",
       "   'num_lidar_pts': 151,\n",
       "   'num_radar_pts': 3,\n",
       "   'velocity': [2.4385812461348313, 4.212805997434871]},\n",
       "  {'bbox_label': 1,\n",
       "   'bbox_3d': [-47.52765960904388,\n",
       "    35.13666152323095,\n",
       "    0.6949573880770611,\n",
       "    6.372,\n",
       "    2.877,\n",
       "    2.978,\n",
       "    2.5891490496681118],\n",
       "   'bbox_3d_isvalid': True,\n",
       "   'bbox_label_3d': 1,\n",
       "   'num_lidar_pts': 9,\n",
       "   'num_radar_pts': 3,\n",
       "   'velocity': [0.0049768475687048, 0.008663319477594519]},\n",
       "  {'bbox_label': 7,\n",
       "   'bbox_3d': [-16.105654092636545,\n",
       "    -0.07164754016067842,\n",
       "    -0.6862827154378981,\n",
       "    0.544,\n",
       "    0.665,\n",
       "    1.739,\n",
       "    -2.9353416316677072],\n",
       "   'bbox_3d_isvalid': True,\n",
       "   'bbox_label_3d': 7,\n",
       "   'num_lidar_pts': 10,\n",
       "   'num_radar_pts': 0,\n",
       "   'velocity': [0.0917358141037418, 0.1219791020083845]},\n",
       "  {'bbox_label': 8,\n",
       "   'bbox_3d': [-15.94114811073773,\n",
       "    -2.447877039314793,\n",
       "    -1.2858001457678074,\n",
       "    0.309,\n",
       "    0.338,\n",
       "    0.712,\n",
       "    -2.9287718735996946],\n",
       "   'bbox_3d_isvalid': True,\n",
       "   'bbox_label_3d': 8,\n",
       "   'num_lidar_pts': 4,\n",
       "   'num_radar_pts': 0,\n",
       "   'velocity': [-0.00490278498064288, 0.023557227208830012]},\n",
       "  {'bbox_label': 1,\n",
       "   'bbox_3d': [-19.38286133054443,\n",
       "    25.53938133217801,\n",
       "    0.03191908074087858,\n",
       "    6.227,\n",
       "    2.156,\n",
       "    2.601,\n",
       "    -0.5108000479743618],\n",
       "   'bbox_3d_isvalid': True,\n",
       "   'bbox_label_3d': 1,\n",
       "   'num_lidar_pts': 42,\n",
       "   'num_radar_pts': 6,\n",
       "   'velocity': [0.0, 0.0]}],\n",
       " 'cam_instances': {'CAM_FRONT': [{'bbox_label': 1,\n",
       "    'bbox_label_3d': 1,\n",
       "    'bbox': [0.0, 357.732750319127, 342.56437261895206, 606.9819508544168],\n",
       "    'bbox_3d_isvalid': True,\n",
       "    'bbox_3d': [-10.356295829208502,\n",
       "     -0.06394600736590471,\n",
       "     18.785737229926998,\n",
       "     7.516,\n",
       "     3.093,\n",
       "     2.312,\n",
       "     0.5996975863361309],\n",
       "    'velocity': [0.05742557272436208, 0.06990201482350666],\n",
       "    'center_2d': [118.11019134521484, 487.19622802734375],\n",
       "    'depth': 18.785737991333008,\n",
       "    'attr_label': 6}],\n",
       "  'CAM_FRONT_RIGHT': [],\n",
       "  'CAM_FRONT_LEFT': [{'bbox_label': 1,\n",
       "    'bbox_label_3d': 1,\n",
       "    'bbox': [1305.1296604171719,\n",
       "     350.75901341602525,\n",
       "     1600.0,\n",
       "     609.4299378119636],\n",
       "    'bbox_3d_isvalid': True,\n",
       "    'bbox_3d': [9.795917040815693,\n",
       "     0.07538275380197612,\n",
       "     19.033148401567978,\n",
       "     7.516,\n",
       "     3.093,\n",
       "     2.312,\n",
       "     1.5546044317874126],\n",
       "    'velocity': [0.09022854769195846, -0.0065096147400431695],\n",
       "    'center_2d': [1481.592041015625, 484.7918701171875],\n",
       "    'depth': 19.03314781188965,\n",
       "    'attr_label': 6},\n",
       "   {'bbox_label': 1,\n",
       "    'bbox_label_3d': 1,\n",
       "    'bbox': [808.1218983320856,\n",
       "     436.2076328554,\n",
       "     883.4067347194349,\n",
       "     505.9286308577591],\n",
       "    'bbox_3d_isvalid': True,\n",
       "    'bbox_3d': [0.7896581102503435,\n",
       "     -0.32866532307883706,\n",
       "     58.48166239420381,\n",
       "     6.372,\n",
       "     2.978,\n",
       "     2.877,\n",
       "     -1.641180695066564],\n",
       "    'velocity': [0.009938485543455734, 0.0010084200213775884],\n",
       "    'center_2d': [843.7989501953125, 472.59967041015625],\n",
       "    'depth': 58.48166275024414,\n",
       "    'attr_label': 6},\n",
       "   {'bbox_label': 1,\n",
       "    'bbox_label_3d': 1,\n",
       "    'bbox': [1133.5883785276196,\n",
       "     424.4436001005383,\n",
       "     1336.1140451626927,\n",
       "     549.2021874476663],\n",
       "    'bbox_3d_isvalid': True,\n",
       "    'bbox_3d': [9.39338221449255,\n",
       "     0.19762751304835102,\n",
       "     30.01455814405707,\n",
       "     6.227,\n",
       "     2.601,\n",
       "     2.156,\n",
       "     1.4587684025759116],\n",
       "    'velocity': [0.0, 0.0],\n",
       "    'center_2d': [1224.8887939453125, 488.13092041015625],\n",
       "    'depth': 30.014558792114258,\n",
       "    'attr_label': 6}],\n",
       "  'CAM_BACK': [{'bbox_label': 0,\n",
       "    'bbox_label_3d': 0,\n",
       "    'bbox': [652.8710695836727,\n",
       "     487.2457293359287,\n",
       "     909.2445167185232,\n",
       "     611.9929884130845],\n",
       "    'bbox_3d_isvalid': True,\n",
       "    'bbox_3d': [-0.4804113769158561,\n",
       "     0.8426032188612484,\n",
       "     12.27160016308813,\n",
       "     4.478,\n",
       "     1.456,\n",
       "     1.871,\n",
       "     2.0402647554154876],\n",
       "    'velocity': [-2.4043357184501866, -4.232358489028598],\n",
       "    'center_2d': [797.5401000976562, 537.3418579101562],\n",
       "    'depth': 12.271599769592285,\n",
       "    'attr_label': 5}],\n",
       "  'CAM_BACK_LEFT': [{'bbox_label': 8,\n",
       "    'bbox_label_3d': 8,\n",
       "    'bbox': [1084.536273989852,\n",
       "     513.7567766430512,\n",
       "     1114.579373996322,\n",
       "     576.1393416597718],\n",
       "    'bbox_3d_isvalid': True,\n",
       "    'bbox_3d': [3.745641322414848,\n",
       "     0.6321604510604618,\n",
       "     15.319339525420224,\n",
       "     0.291,\n",
       "     0.734,\n",
       "     0.3,\n",
       "     -1.4550554479430875],\n",
       "    'velocity': [0.028202672296939114, -0.001622377193634249],\n",
       "    'center_2d': [1099.39111328125, 544.6358032226562],\n",
       "    'depth': 15.319339752197266,\n",
       "    'attr_label': 8},\n",
       "   {'bbox_label': 8,\n",
       "    'bbox_label_3d': 8,\n",
       "    'bbox': [823.5058461203419,\n",
       "     512.0451382733748,\n",
       "     851.0518333269019,\n",
       "     571.6310572685179],\n",
       "    'bbox_3d_isvalid': True,\n",
       "    'bbox_3d': [0.558956408408079,\n",
       "     0.6054486006477211,\n",
       "     15.607344275188172,\n",
       "     0.338,\n",
       "     0.712,\n",
       "     0.315,\n",
       "     -1.5596704833049395],\n",
       "    'velocity': [0.07717355032092023, -0.0013264953734539453],\n",
       "    'center_2d': [837.12109375, 541.5279541015625],\n",
       "    'depth': 15.607344627380371,\n",
       "    'attr_label': 8},\n",
       "   {'bbox_label': 7,\n",
       "    'bbox_label_3d': 7,\n",
       "    'bbox': [1091.57108913607,\n",
       "     427.8805195896188,\n",
       "     1167.8681082879784,\n",
       "     578.1467959822289],\n",
       "    'bbox_3d_isvalid': True,\n",
       "    'bbox_3d': [3.953820859983739,\n",
       "     0.11100574170732268,\n",
       "     14.75668416993455,\n",
       "     0.563,\n",
       "     1.711,\n",
       "     0.739,\n",
       "     -1.4550554479430875],\n",
       "    'velocity': [0.10262495353364391, -0.0064695610507391095],\n",
       "    'center_2d': [1128.836669921875, 502.2294616699219],\n",
       "    'depth': 14.756684303283691,\n",
       "    'attr_label': 4},\n",
       "   {'bbox_label': 7,\n",
       "    'bbox_label_3d': 7,\n",
       "    'bbox': [1160.5755663065963,\n",
       "     427.76823935577545,\n",
       "     1232.6220248103346,\n",
       "     578.8903691667504],\n",
       "    'bbox_3d_isvalid': True,\n",
       "    'bbox_3d': [4.7798492054669035,\n",
       "     0.1162134030605403,\n",
       "     14.880252178422799,\n",
       "     0.544,\n",
       "     1.739,\n",
       "     0.665,\n",
       "     -1.4550554479430875],\n",
       "    'velocity': [0.08665208940588605, -0.12554131041835265],\n",
       "    'center_2d': [1195.8043212890625, 502.5907897949219],\n",
       "    'depth': 14.88025188446045,\n",
       "    'attr_label': 4},\n",
       "   {'bbox_label': 8,\n",
       "    'bbox_label_3d': 8,\n",
       "    'bbox': [976.5016497372175,\n",
       "     515.0039595028874,\n",
       "     1007.1287126145884,\n",
       "     575.0945024230712],\n",
       "    'bbox_3d_isvalid': True,\n",
       "    'bbox_3d': [2.4596094747766615,\n",
       "     0.6404788797338883,\n",
       "     15.49228428713527,\n",
       "     0.309,\n",
       "     0.712,\n",
       "     0.338,\n",
       "     -1.461625206011101],\n",
       "    'velocity': [0.02389033738396964, -0.0027892907804445547],\n",
       "    'center_2d': [991.6373291015625, 544.731689453125],\n",
       "    'depth': 15.492283821105957,\n",
       "    'attr_label': 8}],\n",
       "  'CAM_BACK_RIGHT': [{'bbox_label': 0,\n",
       "    'bbox_label_3d': 0,\n",
       "    'bbox': [806.2906602375487,\n",
       "     470.86948127698906,\n",
       "     1370.7776035027975,\n",
       "     702.2970171758769],\n",
       "    'bbox_3d_isvalid': True,\n",
       "    'bbox_3d': [2.0410807642310096,\n",
       "     0.5400087467741131,\n",
       "     10.163811973334424,\n",
       "     4.25,\n",
       "     1.44,\n",
       "     1.638,\n",
       "     -2.300877734430244],\n",
       "    'velocity': [-3.11975390859937, 4.71824099865795],\n",
       "    'center_2d': [1060.1865234375, 568.1144409179688],\n",
       "    'depth': 10.163811683654785,\n",
       "    'attr_label': 5}]},\n",
       " 'scene_name': 'scene-0001'}"
      ]
     },
     "execution_count": 11,
     "metadata": {},
     "output_type": "execute_result"
    }
   ],
   "source": [
    "# Add the corresponding scene name to each MMDetection3D sample\n",
    "# using the mapping built from the nuScenes API.\n",
    "\n",
    "for sample in train_data[\"data_list\"]:\n",
    "    token: str = sample[\"token\"]\n",
    "    sample[\"scene_name\"] = sample_token_to_scene[token]\n",
    "\n",
    "print(f\"Updated train samples: {len(train_data['data_list']):,}\")\n",
    "\n",
    "train_data[\"data_list\"][0]"
   ]
  },
  {
   "cell_type": "code",
   "execution_count": 12,
   "metadata": {},
   "outputs": [
    {
     "name": "stdout",
     "output_type": "stream",
     "text": [
      "Unique train scenes: 700\n"
     ]
    },
    {
     "data": {
      "text/plain": [
       "['scene-0001',\n",
       " 'scene-0002',\n",
       " 'scene-0004',\n",
       " 'scene-0005',\n",
       " 'scene-0006',\n",
       " 'scene-0007',\n",
       " 'scene-0008',\n",
       " 'scene-0009',\n",
       " 'scene-0010',\n",
       " 'scene-0011']"
      ]
     },
     "execution_count": 12,
     "metadata": {},
     "output_type": "execute_result"
    }
   ],
   "source": [
    "# Extract the unique training scene names from the MMDetection3D samples.\n",
    "\n",
    "train_scene_names: List[str] = sorted({\n",
    "    sample[\"scene_name\"]\n",
    "    for sample in train_data[\"data_list\"]\n",
    "})\n",
    "\n",
    "print(f\"Unique train scenes: {len(train_scene_names):,}\")\n",
    "\n",
    "train_scene_names[:10]"
   ]
  },
  {
   "cell_type": "markdown",
   "metadata": {},
   "source": [
    "# Create training subset"
   ]
  },
  {
   "cell_type": "code",
   "execution_count": 13,
   "metadata": {},
   "outputs": [
    {
     "name": "stdout",
     "output_type": "stream",
     "text": [
      "Total train scenes: 700\n",
      "Selected subset scenes: 280\n"
     ]
    },
    {
     "data": {
      "text/plain": [
       "['scene-0001',\n",
       " 'scene-0002',\n",
       " 'scene-0004',\n",
       " 'scene-0005',\n",
       " 'scene-0006',\n",
       " 'scene-0007',\n",
       " 'scene-0008',\n",
       " 'scene-0009',\n",
       " 'scene-0010',\n",
       " 'scene-0011']"
      ]
     },
     "execution_count": 13,
     "metadata": {},
     "output_type": "execute_result"
    }
   ],
   "source": [
    "# Select complete scenes rather than individual samples.\n",
    "# This preserves the original nuScenes scene structure and avoids\n",
    "# creating fragmented scenes in the reduced training set.\n",
    "# The subset is selected deterministically so that the same\n",
    "# subset definition is reproduced across notebook executions.\n",
    "\n",
    "num_subset_scenes: int = int(len(train_scene_names) * SUBSET_RATIO)\n",
    "\n",
    "selected_scene_names: List[str] = train_scene_names[:num_subset_scenes]\n",
    "\n",
    "print(f\"Total train scenes: {len(train_scene_names):,}\")\n",
    "print(f\"Selected subset scenes: {len(selected_scene_names):,}\")\n",
    "\n",
    "selected_scene_names[:10]"
   ]
  },
  {
   "cell_type": "code",
   "execution_count": 14,
   "metadata": {},
   "outputs": [
    {
     "name": "stdout",
     "output_type": "stream",
     "text": [
      "Subset samples: 11,139\n"
     ]
    },
    {
     "data": {
      "text/plain": [
       "{'sample_idx': 0,\n",
       " 'token': 'e93e98b63d3b40209056d129dc53ceee',\n",
       " 'timestamp': 1531883530.449377,\n",
       " 'ego2global': [[0.12388695031404495,\n",
       "   -0.9922940135002136,\n",
       "   -0.0021557167638093233,\n",
       "   1010.1328125],\n",
       "  [0.9920361042022705,\n",
       "   0.12390392273664474,\n",
       "   -0.022630713880062103,\n",
       "   610.8111572265625],\n",
       "  [0.022723423317074776, 0.0006651013973169029, 0.9997415542602539, 0.0],\n",
       "  [0.0, 0.0, 0.0, 1.0]],\n",
       " 'images': {'CAM_FRONT': {'img_path': 'n015-2018-07-18-11-07-57+0800__CAM_FRONT__1531883530412470.jpg',\n",
       "   'cam2img': [[1266.417203046554, 0.0, 816.2670197447984],\n",
       "    [0.0, 1266.417203046554, 491.50706579294757],\n",
       "    [0.0, 0.0, 1.0]],\n",
       "   'cam2ego': [[0.005684778559952974,\n",
       "     -0.005636667832732201,\n",
       "     0.9999679327011108,\n",
       "     1.7007912397384644],\n",
       "    [-0.9999834895133972,\n",
       "     -0.0008371152798645198,\n",
       "     0.0056801484897732735,\n",
       "     0.01594563201069832],\n",
       "    [0.000805071322247386,\n",
       "     -0.9999837875366211,\n",
       "     -0.005641333758831024,\n",
       "     1.5109575986862183],\n",
       "    [0.0, 0.0, 0.0, 1.0]],\n",
       "   'sample_data_token': '020d7b4f858147558106c504f7f31bef',\n",
       "   'timestamp': 1531883530.41247,\n",
       "   'lidar2cam': [[0.999950110912323,\n",
       "     -0.006949238944798708,\n",
       "     0.007174408063292503,\n",
       "     0.005730343982577324],\n",
       "    [0.007305425126105547,\n",
       "     0.019015269353985786,\n",
